255 171 15
255 172 15
254 173 15
254 175 15
253 176 14
253 177 14
252 179 14
252 180 14
251 181 14
251 183 13
251 184 13
250 185 13
250 187 13
249 188 12
249 189 12
248 191 12
248 192 12
247 193 11
247 195 11
246 196 11
246 197 11
246 199 10
245 200 10
245 201 10
244 202 10
244 204 9
243 205 9
243 206 9
242 208 9
242 209 8
242 210 8
241 212 8
241 213 8
240 214 7
240 216 7
239 217 7
239 218 7
238 220 6
238 221 6
238 222 6
237 224 6
237 225 6
236 226 5
236 228 5
235 229 5
235 230 5
234 232 4
234 233 4
233 234 4
233 236 4
233 237 3
232 238 3
232 239 3
231 241 3
231 242 2
230 243 2
230 245 2
229 246 2
229 247 1
229 249 1
228 250 1
228 251 1
227 253 0
227 254 0
226 254 1
222 250 3
218 246 6
215 242 9
211 239 12
208 235 14
204 231 17
201 227 20
197 223 23
194 219 25
190 215 28
186 212 31
183 208 33
179 204 36
176 200 39
172 196 42
169 192 44
165 189 47
162 185 50
158 181 52
154 177 55
151 173 58
147 169 61
144 165 63
140 162 66
137 158 69
133 154 72
130 150 74
126 146 77
123 142 80
119 138 83
115 135 85
112 131 88
108 127 91
105 123 93
101 119 96
98 115 99
94 111 102
91 108 104
87 104 107
83 100 110
80 96 112
76 92 115
73 88 118
69 84 121
66 81 123
62 77 126
59 73 129
55 69 132
51 65 134
48 61 137
44 57 140
41 54 143
37 50 145
34 46 148
30 42 151
27 38 153
23 34 156
20 30 159
16 27 162
12 23 164
9 19 167
5 15 170
2 11 172
2 11 175
6 15 176
10 19 177
14 23 178
18 27 180
22 31 181
26 34 182
30 38 184
34 42 185
38 46 186
42 50 187
46 54 189
50 58 190
54 61 191
58 65 192
62 69 194
66 73 195
70 77 196
74 81 198
78 85 199
82 89 200
86 92 201
90 96 203
94 100 204
98 104 205
102 108 207
106 112 208
110 116 209
114 119 210
118 123 212
122 127 213
126 131 214
130 135 216
134 139 217
138 143 218
142 147 219
146 150 221
150 154 222
154 158 223
158 162 225
162 166 226
167 170 227
171 174 228
175 177 230
179 181 231
183 185 232
187 189 234
191 193 235
195 197 236
199 201 237
203 205 239
207 208 240
211 212 241
215 216 243
219 220 244
223 224 245
227 228 246
231 232 248
235 235 249
239 239 250
243 243 252
247 247 253
251 251 254
255 255 255
254 255 255
252 254 253
250 254 252
248 253 251
246 252 249
244 251 248
242 250 247
240 249 245
238 249 244
236 248 243
233 247 241
231 246 240
229 245 239
227 244 237
225 244 236
223 243 235
221 242 233
219 241 232
217 240 231
215 239 229
213 239 228
211 238 227
209 237 225
207 236 224
204 235 223
202 235 221
200 234 220
198 233 219
196 232 217
194 231 216
192 230 215
190 230 213
188 229 212
186 228 211
184 227 209
182 226 208
180 225 207
178 225 205
175 224 204
173 223 203
171 222 201
169 221 200
167 221 199
165 220 197
163 219 196
161 218 195
159 217 193
157 216 192
155 216 191
153 215 189
151 214 188
149 213 187
146 212 185
144 211 184
142 211 183
140 210 181
138 209 180
136 208 179
134 207 177
132 207 176
130 206 175
128 205 173
126 204 172
124 203 171
